1;1;3;200000.0;10/2/2022/22/8/30;3000.0
2;2;0;1.0E7;10/2/2022/22/16/54;0.0
3;1;3;455555.0;21/2/2022/20/25/29;3000.0
4;3;2;50000.0;21/2/2022/20/29/1;3000.0
5;3;0;1000000.0;21/2/2022/20/32/9;0.0
6;3;2;100000.0;21/2/2022/20/45/21;3000.0
7;2;3;2.0E7;21/2/2022/20/48/13;0.0
8;3;0;1.0E7;21/2/2022/20/48/41;0.0
9;3;2;5000000.0;21/2/2022/20/49/12;3000.0
10;3;0;300000.0;21/2/2022/21/17/30;0.0
11;2;1;345435.0;4/0/2023/21/9/37;0.0
12;2;0;500000.0;4/0/2023/21/9/56;0.0
13;2;0;120000.0;4/0/2023/21/10/10;0.0
14;2;3;120000.0;4/0/2023/21/15/53;0.0
15;2;0;220000.0;4/0/2023/21/23/44;0.0
